% Set up the general classes of 2-part estimation models where
% operations/indexing is similar within a particular class.
class2part_555 = [555 556 557 5571 558];
class2part_955 = [955 956 975 976 977 978 979 980 981 982 989 924 925 926 876 871 872 874 984 985 986 987 988 990 991 992];

class2part_all = [class2part_555 class2part_955];
